image_width: 1280
image_height: 720
camera_name: head_camera
camera_matrix:
  rows: 3
  cols: 3
  data: [1449.01169,    0.     ,  665.16052,
            0.     , 1449.27182,  358.47416,
            0.     ,    0.     ,    1.     ]
distortion_model: plumb_bob
distortion_coefficients:
  rows: 1
  cols: 5
  data: [0.099805, -0.147576, -0.003600, -0.002659, 0.000000]
rectification_matrix:
  rows: 3
  cols: 3
  data: [1., 0., 0.,
         0., 1., 0.,
         0., 0., 1.]
projection_matrix:
  rows: 3
  cols: 4
  data: [1473.40527,    0.     ,  662.02728,    0.     ,
            0.     , 1473.81946,  356.00678,    0.     ,
            0.     ,    0.     ,    1.     ,    0.     ]
